'0'
1
00000.00001000000000000000
00000.00000000000000000000
'1'
1622
00000.00001000000000000000
00000.00001000000000000000
'1'
3349
00000.00001000000000000000
00000.00010000000000000000
'1'
4638
00000.00001000000000000000
00000.00011000000000000000
'0'
5236
00000.00001000000000000000
00000.00010000000000000000
'0'
5665
00000.00001000000000000000
00000.00001000000000000000
'1'
6423
00000.00001000000000000000
00000.00010000000000000000
'1'
7148
00000.00001000000000000000
00000.00011000000000000000
'0'
7867
00000.00001000000000000000
00000.00010000000000000000
'0'
8288
00000.00001000000000000000
00000.00001000000000000000
'1'
8469
00000.00001000000000000000
00000.00010000000000000000
'0'
8778
00000.00001000000000000000
00000.00001000000000000000
'0'
9132
00000.00001000000000000000
00000.00000000000000000000
'1'
9782
00000.00001000000000000000
00000.00001000000000000000
'1'
10546
00000.00001000000000000000
00000.00010000000000000000
'0'
10844
00000.00001000000000000000
00000.00001000000000000000
'1'
11877
00000.00001000000000000000
00000.00010000000000000000
'0'
12124
00000.00001000000000000000
00000.00001000000000000000
'1'
12328
00000.00001000000000000000
00000.00010000000000000000
'0'
13202
00000.00001000000000000000
00000.00001000000000000000
'0'
14679
00000.00001000000000000000
00000.00000000000000000000
'1'
14888
00000.00001000000000000000
00000.00001000000000000000
'1'
16157
00000.00001000000000000000
00000.00010000000000000000
'0'
16323
00000.00001000000000000000
00000.00001000000000000000
'1'
20823
00000.00001000000000000000
00000.00010000000000000000
'1'
21291
00000.00001000000000000000
00000.00011000000000000000
'0'
22278
00000.00001000000000000000
00000.00010000000000000000
'0'
23453
00000.00001000000000000000
00000.00001000000000000000
'0'
23571
00000.00001000000000000000
00000.00000000000000000000
'0'
23641
00000.00001000000000000000
11111.11111000000000000000
'1'
24523
00000.00001000000000000000
00000.00000000000000000000
'1'
25108
00000.00001000000000000000
00000.00001000000000000000
'0'
26122
00000.00001000000000000000
00000.00000000000000000000
'0'
28343
00000.00001000000000000000
11111.11111000000000000000
'1'
29707
00000.00001000000000000000
00000.00000000000000000000
'0'
31742
00000.00001000000000000000
11111.11111000000000000000
'1'
32743
00000.00001000000000000000
00000.00000000000000000000
'1'
32812
00000.00001000000000000000
00000.00001000000000000000
'1'
32896
00000.00001000000000000000
00000.00010000000000000000
'1'
32983
00000.00001000000000000000
00000.00011000000000000000
'1'
33042
00000.00001000000000000000
00000.00100000000000000000
'1'
33094
00000.00001000000000000000
00000.00101000000000000000
'1'
33172
00000.00010000000000000000
00000.00111000000000000000
'1'
33238
00000.00010000000000000000
00000.01001000000000000000
'1'
33298
00000.00010000000000000000
00000.01011000000000000000
'1'
33415
00000.00100000000000000000
00000.01111000000000000000
'1'
33524
00000.00100000000000000000
00000.10011000000000000000
'1'
33626
00000.00100000000000000000
00000.10111000000000000000
'1'
33722
00000.00100000000000000000
00000.11011000000000000000
'1'
33829
00000.00100000000000000000
00000.11111000000000000000
'1'
34217
00000.00010000000000000000
00000.11110000000000000000
'0'
34518
00000.00001000000000000000
00000.11101000000000000000
'0'
34762
00000.00001000000000000000
00000.11100000000000000000
'0'
34881
00000.00001000000000000000
00000.11011000000000000000
'0'
34907
00000.00001000000000000000
00000.11010000000000000000
'0'
34926
00000.00001000000000000000
00000.11001000000000000000
'0'
34961
00000.00010000000000000000
00000.10111000000000000000
'0'
35021
00000.00100000000000000000
00000.10011000000000000000
'0'
35114
00000.01000000000000000000
00000.01011000000000000000
'0'
35204
00000.01000000000000000000
00000.00011000000000000000
'0'
35301
00000.01000000000000000000
11111.11011000000000000000
'0'
35418
00000.01000000000000000000
11111.10011000000000000000
'0'
35607
00000.01000000000000000000
11111.01011000000000000000
'1'
36188
00000.00100000000000000000
11111.01111000000000000000
'1'
36267
00000.00010000000000000000
11111.10001000000000000000
'1'
36449
00000.00010000000000000000
11111.10011000000000000000
'1'
36529
00000.00001000000000000000
11111.10100000000000000000
'1'
36585
00000.00001000000000000000
11111.10101000000000000000
'1'
36654
00000.00001000000000000000
11111.10110000000000000000
'1'
37236
00000.00001000000000000000
11111.10111000000000000000
'1'
37416
00000.00001000000000000000
11111.11000000000000000000
'1'
37757
00000.00001000000000000000
11111.11001000000000000000
'1'
37877
00000.00001000000000000000
11111.11010000000000000000
'0'
38194
00000.00001000000000000000
11111.11001000000000000000
'1'
38791
00000.00001000000000000000
11111.11010000000000000000
'1'
39575
00000.00001000000000000000
11111.11011000000000000000
'1'
39981
00000.00001000000000000000
11111.11100000000000000000
'1'
40439
00000.00001000000000000000
11111.11101000000000000000
'1'
41342
00000.00001000000000000000
11111.11110000000000000000
'1'
42227
00000.00001000000000000000
11111.11111000000000000000
'1'
43759
00000.00001000000000000000
00000.00000000000000000000
'1'
44339
00000.00001000000000000000
00000.00001000000000000000
'0'
44515
00000.00001000000000000000
00000.00000000000000000000
'0'
44903
00000.00001000000000000000
11111.11111000000000000000
'1'
45598
00000.00001000000000000000
00000.00000000000000000000
'1'
46051
00000.00001000000000000000
00000.00001000000000000000
'1'
47376
00000.00001000000000000000
00000.00010000000000000000
'1'
49380
00000.00001000000000000000
00000.00011000000000000000
'1'
49695
00000.00001000000000000000
00000.00100000000000000000
'1'
49851
00000.00001000000000000000
00000.00101000000000000000
'1'
50323
00000.00001000000000000000
00000.00110000000000000000
'1'
51131
00000.00001000000000000000
00000.00111000000000000000
'1'
51385
00000.00001000000000000000
00000.01000000000000000000
'1'
51581
00000.00001000000000000000
00000.01001000000000000000
'1'
51901
00000.00001000000000000000
00000.01010000000000000000
'1'
52022
00000.00001000000000000000
00000.01011000000000000000
'0'
53467
00000.00001000000000000000
00000.01010000000000000000
'0'
54240
00000.00001000000000000000
00000.01001000000000000000
'0'
54348
00000.00001000000000000000
00000.01000000000000000000
'0'
54702
00000.00001000000000000000
00000.00111000000000000000
'0'
54863
00000.00001000000000000000
00000.00110000000000000000
'0'
55089
00000.00001000000000000000
00000.00101000000000000000
'0'
55163
00000.00001000000000000000
00000.00100000000000000000
'0'
55253
00000.00001000000000000000
00000.00011000000000000000
'0'
55473
00000.00001000000000000000
00000.00010000000000000000
'0'
55546
00000.00001000000000000000
00000.00001000000000000000
'0'
55611
00000.00001000000000000000
00000.00000000000000000000
'0'
55701
00000.00001000000000000000
11111.11111000000000000000
'0'
55945
00000.00001000000000000000
11111.11110000000000000000
'0'
56045
00000.00001000000000000000
11111.11101000000000000000
'0'
56113
00000.00001000000000000000
11111.11100000000000000000
'0'
56196
00000.00001000000000000000
11111.11011000000000000000
'0'
56343
00000.00001000000000000000
11111.11010000000000000000
'0'
56434
00000.00001000000000000000
11111.11001000000000000000
'0'
56734
00000.00001000000000000000
11111.11000000000000000000
'0'
56836
00000.00001000000000000000
11111.10111000000000000000
'0'
56961
00000.00001000000000000000
11111.10110000000000000000
'0'
57277
00000.00001000000000000000
11111.10101000000000000000
'0'
57402
00000.00001000000000000000
11111.10100000000000000000
'0'
57716
00000.00001000000000000000
11111.10011000000000000000
'0'
58166
00000.00001000000000000000
11111.10010000000000000000
'1'
59233
00000.00001000000000000000
11111.10011000000000000000
'1'
60181
00000.00001000000000000000
11111.10100000000000000000
'1'
60639
00000.00001000000000000000
11111.10101000000000000000
'1'
60900
00000.00001000000000000000
11111.10110000000000000000
'1'
61350
00000.00001000000000000000
11111.10111000000000000000
'1'
61861
00000.00001000000000000000
11111.11000000000000000000
'1'
62421
00000.00001000000000000000
11111.11001000000000000000
'1'
62708
00000.00001000000000000000
11111.11010000000000000000
'1'
63051
00000.00001000000000000000
11111.11011000000000000000
'1'
63478
00000.00001000000000000000
11111.11100000000000000000
'1'
64288
00000.00001000000000000000
11111.11101000000000000000
'1'
65232
00000.00001000000000000000
11111.11110000000000000000
'1'
66023
00000.00001000000000000000
11111.11111000000000000000
'1'
66801
00000.00001000000000000000
00000.00000000000000000000
'1'
67297
00000.00001000000000000000
00000.00001000000000000000
'1'
68186
00000.00001000000000000000
00000.00010000000000000000
'1'
68705
00000.00001000000000000000
00000.00011000000000000000
'0'
69697
00000.00001000000000000000
00000.00010000000000000000
'0'
72293
00000.00001000000000000000
00000.00001000000000000000
'1'
75358
00000.00001000000000000000
00000.00010000000000000000
'0'
76481
00000.00001000000000000000
00000.00001000000000000000
'0'
77426
00000.00001000000000000000
00000.00000000000000000000
'1'
77622
00000.00001000000000000000
00000.00001000000000000000
'1'
78411
00000.00001000000000000000
00000.00010000000000000000
'0'
78684
00000.00001000000000000000
00000.00001000000000000000
'0'
79116
00000.00001000000000000000
00000.00000000000000000000
'1'
79364
00000.00001000000000000000
00000.00001000000000000000
'0'
82530
00000.00001000000000000000
00000.00000000000000000000
'1'
82758
00000.00001000000000000000
00000.00001000000000000000
'1'
83625
00000.00001000000000000000
00000.00010000000000000000
'0'
84915
00000.00001000000000000000
00000.00001000000000000000
'0'
85084
00000.00001000000000000000
00000.00000000000000000000
'1'
86472
00000.00001000000000000000
00000.00001000000000000000
'0'
90120
00000.00001000000000000000
00000.00000000000000000000
'1'
90844
00000.00001000000000000000
00000.00001000000000000000
'1'
94181
00000.00001000000000000000
00000.00010000000000000000
'0'
95735
00000.00001000000000000000
00000.00001000000000000000
'0'
96541
00000.00001000000000000000
00000.00000000000000000000
'0'
99153
00000.00001000000000000000
11111.11111000000000000000
'0'
104237
00000.00001000000000000000
11111.11110000000000000000
'0'
104652
00000.00001000000000000000
11111.11101000000000000000
'1'
104985
00000.00001000000000000000
11111.11110000000000000000
'1'
105145
00000.00001000000000000000
11111.11111000000000000000
'1'
105246
00000.00001000000000000000
00000.00000000000000000000
'1'
105308
00000.00001000000000000000
00000.00001000000000000000
'1'
105365
00000.00001000000000000000
00000.00010000000000000000
'1'
105464
00000.00010000000000000000
00000.00100000000000000000
'1'
105558
00000.00010000000000000000
00000.00110000000000000000
'1'
105634
00000.00010000000000000000
00000.01000000000000000000
'1'
105690
00000.00010000000000000000
00000.01010000000000000000
'1'
105741
00000.00010000000000000000
00000.01100000000000000000
'1'
105858
00000.00100000000000000000
00000.10000000000000000000
'1'
105983
00000.00100000000000000000
00000.10100000000000000000
'1'
106090
00000.00100000000000000000
00000.11000000000000000000
'1'
106177
00000.00100000000000000000
00000.11100000000000000000
'1'
106671
00000.00010000000000000000
00000.11110000000000000000
'0'
106997
00000.00001000000000000000
00000.11101000000000000000
'0'
107260
00000.00001000000000000000
00000.11100000000000000000
'0'
107313
00000.00001000000000000000
00000.11011000000000000000
'0'
107339
00000.00001000000000000000
00000.11010000000000000000
'0'
107375
00000.00010000000000000000
00000.11000000000000000000
'0'
107432
00000.00100000000000000000
00000.10100000000000000000
'0'
107522
00000.01000000000000000000
00000.01100000000000000000
'0'
107605
00000.01000000000000000000
00000.00100000000000000000
'0'
107691
00000.01000000000000000000
11111.11100000000000000000
'0'
107803
00000.01000000000000000000
11111.10100000000000000000
'0'
108012
00000.01000000000000000000
11111.01100000000000000000
'1'
108622
00000.00100000000000000000
11111.10000000000000000000
'1'
108714
00000.00010000000000000000
11111.10010000000000000000
'1'
108822
00000.00010000000000000000
11111.10100000000000000000
'1'
108999
00000.00010000000000000000
11111.10110000000000000000
'1'
109121
00000.00001000000000000000
11111.10111000000000000000
'1'
109964
00000.00001000000000000000
11111.11000000000000000000
'1'
110066
00000.00001000000000000000
11111.11001000000000000000
'1'
110453
00000.00001000000000000000
11111.11010000000000000000
'1'
111403
00000.00001000000000000000
11111.11011000000000000000
'1'
112196
00000.00001000000000000000
11111.11100000000000000000
'1'
113377
00000.00001000000000000000
11111.11101000000000000000
'1'
114325
00000.00001000000000000000
11111.11110000000000000000
'1'
114769
00000.00001000000000000000
11111.11111000000000000000
'1'
115346
00000.00001000000000000000
00000.00000000000000000000
'0'
115753
00000.00001000000000000000
11111.11111000000000000000
'1'
117253
00000.00001000000000000000
00000.00000000000000000000
'1'
118135
00000.00001000000000000000
00000.00001000000000000000
'1'
119759
00000.00001000000000000000
00000.00010000000000000000
'1'
121557
00000.00001000000000000000
00000.00011000000000000000
'1'
121948
00000.00001000000000000000
00000.00100000000000000000
'1'
122340
00000.00001000000000000000
00000.00101000000000000000
'1'
122828
00000.00001000000000000000
00000.00110000000000000000
'1'
123292
00000.00001000000000000000
00000.00111000000000000000
'1'
123982
00000.00001000000000000000
00000.01000000000000000000
'1'
124346
00000.00001000000000000000
00000.01001000000000000000
'1'
124976
00000.00001000000000000000
00000.01010000000000000000
'0'
126434
00000.00001000000000000000
00000.01001000000000000000
'0'
126824
00000.00001000000000000000
00000.01000000000000000000
'0'
127189
00000.00001000000000000000
00000.00111000000000000000
'0'
127275
00000.00001000000000000000
00000.00110000000000000000
'0'
127545
00000.00001000000000000000
00000.00101000000000000000
'0'
127646
00000.00001000000000000000
00000.00100000000000000000
'0'
127739
00000.00001000000000000000
00000.00011000000000000000
'0'
127900
00000.00001000000000000000
00000.00010000000000000000
'0'
128041
00000.00001000000000000000
00000.00001000000000000000
'0'
128141
00000.00001000000000000000
00000.00000000000000000000
'0'
128306
00000.00001000000000000000
11111.11111000000000000000
'0'
128483
00000.00001000000000000000
11111.11110000000000000000
'0'
128552
00000.00001000000000000000
11111.11101000000000000000
'0'
128610
00000.00001000000000000000
11111.11100000000000000000
'0'
128919
00000.00010000000000000000
11111.11010000000000000000
'0'
129013
00000.00001000000000000000
11111.11001000000000000000
'0'
129192
00000.00001000000000000000
11111.11000000000000000000
'0'
129368
00000.00001000000000000000
11111.10111000000000000000
'0'
129503
00000.00001000000000000000
11111.10110000000000000000
'0'
129716
00000.00001000000000000000
11111.10101000000000000000
'0'
129868
00000.00001000000000000000
11111.10100000000000000000
'0'
130406
00000.00001000000000000000
11111.10011000000000000000
'0'
130666
00000.00001000000000000000
11111.10010000000000000000
'1'
131760
00000.00001000000000000000
11111.10011000000000000000
'1'
132123
00000.00001000000000000000
11111.10100000000000000000
'1'
132589
00000.00001000000000000000
11111.10101000000000000000
'1'
133104
00000.00001000000000000000
11111.10110000000000000000
'1'
133792
00000.00001000000000000000
11111.10111000000000000000
'1'
133916
00000.00001000000000000000
11111.11000000000000000000
'1'
134682
00000.00001000000000000000
11111.11001000000000000000
'1'
135184
00000.00001000000000000000
11111.11010000000000000000
'1'
135658
00000.00001000000000000000
11111.11011000000000000000
'1'
136376
00000.00001000000000000000
11111.11100000000000000000
'1'
136785
00000.00001000000000000000
11111.11101000000000000000
'1'
137234
00000.00001000000000000000
11111.11110000000000000000
'1'
138328
00000.00001000000000000000
11111.11111000000000000000
'1'
138592
00000.00001000000000000000
00000.00000000000000000000
'1'
139572
00000.00001000000000000000
00000.00001000000000000000
'1'
141173
00000.00001000000000000000
00000.00010000000000000000
'1'
141557
00000.00001000000000000000
00000.00011000000000000000
'0'
141921
00000.00001000000000000000
00000.00010000000000000000
'0'
144322
00000.00001000000000000000
00000.00001000000000000000
'1'
146585
00000.00001000000000000000
00000.00010000000000000000
'0'
147694
00000.00001000000000000000
00000.00001000000000000000
'1'
151069
00000.00001000000000000000
00000.00010000000000000000
'0'
152573
00000.00001000000000000000
00000.00001000000000000000
'0'
152793
00000.00001000000000000000
00000.00000000000000000000
'1'
153891
00000.00001000000000000000
00000.00001000000000000000
'1'
156490
00000.00001000000000000000
00000.00010000000000000000
'0'
156752
00000.00001000000000000000
00000.00001000000000000000
'0'
158015
00000.00001000000000000000
00000.00000000000000000000
'1'
158582
00000.00001000000000000000
00000.00001000000000000000
'1'
159399
00000.00001000000000000000
00000.00010000000000000000
'1'
159471
00000.00001000000000000000
00000.00011000000000000000
